% Matlab m-File exported from HFSS15.0.3 
% Note: In three-dimensional arrays, like S(i,j,k), the first index corresponds to the frequency.
%       So, S(N,j,k) is an S(j,k) matrix for frequency N.

f = zeros(51,1);
S = zeros(51,1,1);

f = [100000000 298000000 496000000 694000000 892000000 1090000000 1288000000 1486000000 1684000000 1882000000 2080000000 2278000000 2476000000 2674000000 2872000000 3070000000 3268000000 3466000000 3664000000 3862000000 4060000000 4258000000 4456000000 4654000000 4852000000 5050000000 5248000000 5446000000 5644000000 5842000000 6040000000 6238000000 6436000000 6634000000 6832000000 7030000000 7228000000 7426000000 7624000000 7822000000 8020000000 8218000000 8416000000 8614000000 8812000000 9010000000 9208000000 9406000000 9604000000 9802000000 10000000000 ];
S(1,:,:) = [    9.678380E-001 -    2.459417E-001i];
S(2,:,:) = [    7.125547E-001 -    6.834551E-001i];
S(3,:,:) = [    2.091876E-001 -    9.391423E-001i];
S(4,:,:) = [   -4.294626E-001 -    8.126522E-001i];
S(5,:,:) = [   -8.359882E-001 -    2.139151E-001i];
S(6,:,:) = [   -6.569309E-001 +    4.808339E-001i];
S(7,:,:) = [   -1.066659E-001 +    7.756106E-001i];
S(8,:,:) = [    3.817563E-001 +    6.493563E-001i];
S(9,:,:) = [    6.241873E-001 +    3.259574E-001i];
S(10,:,:) = [    6.186261E-001 -    2.266610E-004i];
S(11,:,:) = [    4.527776E-001 -    1.901158E-001i];
S(12,:,:) = [    2.899561E-001 -    2.059907E-001i];
S(13,:,:) = [    2.394707E-001 -    1.684812E-001i];
S(14,:,:) = [    2.353770E-001 -    2.003314E-001i];
S(15,:,:) = [    1.622762E-001 -    2.847392E-001i];
S(16,:,:) = [   -2.532184E-002 -    3.138522E-001i];
S(17,:,:) = [   -2.344356E-001 -    1.415129E-001i];
S(18,:,:) = [   -2.345460E-001 +    1.208821E-001i];
S(19,:,:) = [   -1.226247E-001 +    3.666022E-001i];
S(20,:,:) = [    1.779459E-001 +    5.209400E-001i];
S(21,:,:) = [    5.117956E-001 +    4.435195E-001i];
S(22,:,:) = [    7.200547E-001 +    2.243159E-001i];
S(23,:,:) = [    7.944534E-001 -    9.345852E-003i];
S(24,:,:) = [    7.876758E-001 -    1.955331E-001i];
S(25,:,:) = [    7.472219E-001 -    3.247003E-001i];
S(26,:,:) = [    6.963242E-001 -    4.104385E-001i];
S(27,:,:) = [    6.359908E-001 -    4.696304E-001i];
S(28,:,:) = [    5.415696E-001 -    5.098527E-001i];
S(29,:,:) = [    3.314330E-001 -    4.346951E-001i];
S(30,:,:) = [    5.503439E-001 -    6.773793E-002i];
S(31,:,:) = [    7.285423E-001 -    2.529833E-001i];
S(32,:,:) = [    7.226692E-001 -    3.491123E-001i];
S(33,:,:) = [    7.031346E-001 -    3.961082E-001i];
S(34,:,:) = [    6.838808E-001 -    4.249292E-001i];
S(35,:,:) = [    6.656157E-001 -    4.451155E-001i];
S(36,:,:) = [    6.481517E-001 -    4.604010E-001i];
S(37,:,:) = [    6.311883E-001 -    4.728828E-001i];
S(38,:,:) = [    6.136446E-001 -    4.843415E-001i];
S(39,:,:) = [    5.909127E-001 -    4.963627E-001i];
S(40,:,:) = [    5.393485E-001 -    4.922826E-001i];
S(41,:,:) = [    5.848525E-001 -    4.364360E-001i];
S(42,:,:) = [    5.912193E-001 -    4.759868E-001i];
S(43,:,:) = [    5.793836E-001 -    4.949017E-001i];
S(44,:,:) = [    5.661814E-001 -    5.075921E-001i];
S(45,:,:) = [    5.525403E-001 -    5.176464E-001i];
S(46,:,:) = [    5.384478E-001 -    5.260554E-001i];
S(47,:,:) = [    5.237673E-001 -    5.331333E-001i];
S(48,:,:) = [    5.080515E-001 -    5.387597E-001i];
S(49,:,:) = [    4.904274E-001 -    5.410816E-001i];
S(50,:,:) = [    4.769675E-001 -    5.347389E-001i];
S(51,:,:) = [    4.741848E-001 -    5.354621E-001i];
