% Matlab m-File exported from HFSS15.0.3 
% Note: In three-dimensional arrays, like S(i,j,k), the first index corresponds to the frequency.
%       So, S(N,j,k) is an S(j,k) matrix for frequency N.

f = zeros(30,1);
S = zeros(30,1,1);

f = [3100000000 3358620689.65517 3617241379.31034 3875862068.96552 4134482758.62069 4393103448.27586 4651724137.93103 4910344827.58621 5168965517.24138 5427586206.89655 5686206896.55172 5944827586.2069 6203448275.86207 6462068965.51724 6720689655.17241 6979310344.82759 7237931034.48276 7496551724.13793 7755172413.7931 8013793103.44828 8272413793.10345 8531034482.75862 8789655172.41379 9048275862.06897 9306896551.72414 9565517241.37931 9824137931.03448 10082758620.6897 10341379310.3448 10600000000 ];
S(1,:,:) = [   -1.299783E-001 +    1.689706E-001i];
S(22,:,:) = [   -5.926106E-002 -    2.022309E-001i];
S(26,:,:) = [   -2.359341E-001 -    8.703223E-002i];
S(30,:,:) = [   -2.556820E-001 +    1.966461E-001i];
